2062
2069
2122
2170
2198
2216
2255
2241
2241
2339
2363
2345
2411
2386
2409
2492
2458
2517
2555
2542
2493
2555
2623
2555
2647
2626
2631
2647
2636
2677
2782
2724
2673
2650
2719
2745
2718
2759
2840
2795
2763
2797
2894
2773
2828
2835
2815
2829
2845
2859
2780
2885
2891
2849
2801
2892
2878
2908
2888
2823
2896
2904
2904
2831
2935
2990
2875
2925
2898
2908
3077
2920
3023
2994
3076
2937
2927
3009
2993
3028
2967
3001
3037
2954
3000
3010
3005
2958
3040
3000
2932
2962
3065
2973
3048
2874
3030
2958
2975
3082
3005
3009
3059
2979
2988
3024
2984
2993
3004
3042
2997
3046
3053
2950
3021
3030
3111
3028
3037
3073
3028
3066
3128
3078
3027
3048
3095
3071
3084
3039
3073
2980
3063
3042
3081
3115
3039
3057
3019
3050
3059
3008
3048
3066
2991
3046
2992
2972
3021
3038
2975
3003
3005
2998
3109
3065
2985
3051
3036
3077
2980
2966
3030
3057
3040
3049
3023
3014
2943
2968
3042
3040
3026
2986
3030
2973
3073
3069
2957
3022
3005
3077
2970
3009
2981
3052
2965
3017
2982
3010
2981
3003
2990
3030
2984
3011
3006
3008
2974
2939
3022
3017
3028
2979
3098
2971
3041
3044
3012
2989
3064
2971
3013
2984
2917
2944
2977
2994
3043
2984
2930
2965
3042
2952
3005
2993
2974
2952
3031
3085
2973
3003
2990
3135
3012
3040
2971
3014
2957
2906
3019
3047
3025
2947
2982
2958
3013
2952
2945
2976
2985
3039
2938
2927
3030
2939
2989
2927
2923
2966
2898
3001
2967
2968
2983
2896
3018
3091
2901
3014
2974
2947
2968
2931
2956
2983
2955
2912
2949
2936
2991
2994
2998
3021
2945
3014
2935
2986
2955
2948
2971
2971
2951
2939
2903
2998
2901
2909
2971
2931
2945
2986
2973
2933
2941
2909
2862
3007
2990
2907
2976
2956
3002
2973
2985
3000
2973
2898
2950
2977
2960
2927
2989
2919
2960
2918
2951
2866
2913
2953
2942
2994
2925
3004
2955
2960
3025
2951
3055
2977
2975
3017
2928
2979
2901
2941
2944